20
100
0.4
18
12
16
13
24
15
11
22
6
22
16
11
21
10
2
2
3
1
9
21
20
19
25
22
0
17
10
23
16
0
10
24
3
6
23
18
21
25
5
12
16
14
13
19
6
8
16
19
0
4
6
17
1
1
10
0
0
21
21
24
9
15
2
20
17
1
20
7
6
9
8
15
2
4
1
25
19
15
2
19
3
3
7
19
4
3
12
4
14
8
21
21
8
25
22
20
8
20
6
4
10
6
6
8
11
17
17
8
17
1
25
0
11
1
13
6
25
17
5
10
9
7
7
13
11
16
10
16
12
24
22
3
3
14
3
10
5
24
22
22
20
21
4
25
15
12
21
16
2
11
20
7
12
11
18
0
6
8
9
9
20
23
7
22
24
11
9
22
9
24
9
22
2
9
5
11
25
18
17
16
21
5
23
22
6
7
10
10
18
23
20
21
10
18
1
25
8
21
18
9
18
16
24
23
12
7
9
9
25
6
1
7
24
9
13
25
9
12
9
23
3
11
14
24
10
5
12
8
24
1
23
8
3
23
10
6
3
1
21
14
17
19
8
8
23
22
7
22
17
0
25
2
15
2
24
1
9
22
22
11
25
17
23
13
7
1
15
14
11
0
14
14
21
3
0
11
12
9
5
19
8
6
18
3
19
11
10
13
10
21
7
7
12
0
24
12
13
4
16
5
16
10
21
20
4
24
3
15
24
4
11
14
16
20
25
4
19
9
19
12
4
20
17
17
12
0
0
12
12
1
25
13
12
15
11
22
24
9
21
12
15
3
17
23
8
18
18
4
20
12
11
5
2
23
0
18
1
8
14
1
5
18
10
3
3
7
10
24
6
15
25
9
5
16
16
15
13
25
23
12
5
14
20
1
17
14
18
24
7
10
11
12
6
7
11
24
14
3
3
21
87
19
44
84
13
57
82
57
67
77
57
26
39
49
91
38
56
74
4
78
0
82
96
95
8
72
24
85
55
26
88
4
53
5
38
50
8
95
49
9
80
9
19
74
94
22
19
14
90
58
72
62
98
25
48
81
71
26
74
10
67
37
92
70
32
5
6
25
4
63
58
44
5
8
43
55
11
15
48
48
87
61
32
32
31
49
66
14
79
40
5
36
57
59
3
26
77
45
22
9
8
89
34
1
24
60
71
78
8
59
40
10
93
85
74
1
30
51
69
0
43
14
0
92
20
23
78
65
70
9
76
86
34
98
21
52
46
76
69
87
75
77
99
39
33
41
18
66
55
38
78
19
75
99
58
95
96
46
44
28
29
18
31
93
58
72
70
87
64
91
33
35
45
85
63
61
67
69
36
73
79
98
87
47
73
74
65
61
39
90
0
90
2
49
93
29
68
47
85
72
46
3
80
15
78
20
54
68
81
47
92
74
71
59
78
5
86
49
71
12
38
40
74
25
17
89
74
27
48
95
95
72
42
98
44
35
67
18
68
86
58
84
26
70
74
52
40
95
58
38
47
14
17
61
24
83
73
45
23
16
21
71
71
20
33
82
97
32
43
98
34
4
37
93
15
30
57
93
94
55
94
8
51
7
10
8
64
41
31
90
67
21
72
21
63
85
86
71
20
11
4
83
32
49
12
41
55
75
24
35
58
3
10
87
3
50
27
57
33
93
11
0
40
71
86
31
25
85
68
78
64
16
56
60
9
99
3
44
99
11
80
79
93
53
36
42
87
77
50
84
70
28
87
15
62
29
70
87
92
88
88
83
31
64
73
87
48
33
69
67
13
46
26
33
4
27
79
80
49
8
57
59
83
13
18
72
56
23
92
80
46
39
58
97
33
10
78
44
1
7
49
71
19
73
33
39
79
74
82
96
63
13
88
74
68
69
70
13
75
18
73
40
10
26
54
11
82
77
31
36
93
21
63
54
54
76
84
26
22
21
46
0
25
49
82
55
43
95
10
34
69
51
94
29
87
37
83
76
77
80
39
63
68
75
61
42
57
7
80
8
64
1
21
62
67
23
71
9
43
26
10
5
44
34
2
27
78
56
66
3
82
85
7
65
37
22
91
9
98
11
89
3
71
77
0
26
60
27
56
40
51
43
45
42
6
32
58
90
39
55
76
10
15
95
50
80
69
71
95
9
34
9
99
24
31
15
86
56
45
17
60
36
90
15
57
74
64
38
1
12
41
64
88
18
13
61
54
53
82
22
25
57
26
17
17
0
7
95
74
5
47
68
73
52
1
45
57
67
98
66
63
25
24
1
95
96
52
1
27
53
94
40
40
59
43
67
54
98
34
47
