25
100
0.4
20
0
14
12
22
24
22
4
18
2
4
21
11
11
25
23
20
4
20
19
10
14
22
0
8
18
1
19
10
7
9
11
19
17
1
0
4
15
12
11
4
9
2
17
15
11
24
15
24
14
12
25
1
24
2
18
9
22
12
23
8
5
17
21
7
24
11
5
17
14
8
15
1
0
25
25
14
14
8
13
9
20
14
2
15
19
4
9
2
3
7
13
1
20
6
16
4
2
18
14
21
16
15
12
5
22
18
22
7
14
1
10
14
18
0
0
15
10
18
21
19
7
0
2
10
8
16
11
24
25
12
5
10
23
15
13
17
14
9
2
24
21
23
0
21
12
3
5
10
22
12
12
11
8
23
12
18
12
11
10
20
13
0
17
24
6
15
0
23
6
1
25
2
3
19
2
9
21
22
25
0
25
0
4
21
20
2
6
17
18
14
16
14
2
18
25
2
16
3
4
14
10
7
10
2
12
1
15
22
12
9
21
16
18
19
5
13
7
21
25
8
4
25
24
6
13
14
3
5
16
9
22
2
21
7
10
17
7
7
23
10
12
18
19
3
20
17
9
25
17
15
13
24
19
6
13
10
17
9
7
0
6
15
23
1
5
4
8
11
21
4
13
2
7
21
16
18
12
14
8
18
20
10
21
2
8
16
8
11
4
9
15
21
23
17
0
1
15
19
9
18
22
5
21
6
7
18
16
6
22
17
17
20
16
16
18
11
18
14
0
22
22
2
14
6
10
12
16
9
22
25
14
6
17
23
3
2
7
24
13
9
20
0
10
18
1
19
21
15
14
8
1
15
18
0
25
17
1
0
15
19
23
23
24
15
19
3
18
15
21
3
8
13
2
8
22
14
18
4
8
8
5
17
9
19
12
18
8
3
5
18
23
23
7
16
9
7
13
13
18
10
74
76
21
69
49
59
60
49
46
91
27
6
48
97
83
51
65
22
62
98
43
53
12
89
70
68
39
59
15
67
82
61
32
66
70
23
77
19
3
52
83
48
20
4
80
89
30
84
80
48
69
27
36
68
45
18
84
80
65
52
56
30
2
17
99
36
14
64
96
69
3
15
80
49
40
33
29
53
47
11
12
1
61
85
68
15
28
22
57
19
25
19
67
30
62
44
34
28
39
73
70
17
45
28
74
99
33
60
26
57
32
98
12
22
78
83
49
0
56
99
62
1
44
55
21
32
53
67
61
9
96
83
94
80
9
75
77
14
92
13
41
70
39
80
14
26
24
11
23
63
57
17
65
16
43
77
44
94
59
86
97
20
20
18
86
6
22
9
26
33
87
12
69
49
67
25
52
85
10
90
47
66
77
30
42
21
28
42
52
16
29
95
69
64
74
44
77
48
90
76
14
5
79
88
79
44
58
19
84
33
84
15
9
82
16
11
73
83
43
82
59
85
82
90
65
46
60
3
78
14
0
5
61
81
97
45
55
95
58
30
61
66
62
6
99
98
76
33
92
92
25
0
16
45
83
96
23
22
91
53
48
44
75
59
18
68
0
30
68
45
9
4
64
22
89
55
45
7
38
48
7
80
90
20
16
31
94
54
24
43
51
37
8
10
46
62
98
74
62
89
77
98
66
93
89
21
80
42
8
96
21
13
23
50
14
92
37
96
19
46
9
20
6
2
96
9
12
61
37
65
64
37
9
87
55
37
46
98
47
53
83
27
73
45
7
40
77
99
81
46
3
59
98
28
69
36
62
64
22
59
17
70
97
5
9
21
52
6
84
16
97
15
97
11
52
72
71
34
73
26
97
8
51
46
8
79
84
87
78
3
98
85
9
60
15
98
7
72
41
44
78
26
4
86
86
0
4
56
29
43
93
68
14
87
17
64
42
37
82
2
99
75
40
0
23
36
23
23
78
51
23
39
36
29
75
59
86
64
25
42
50
54
75
30
74
33
14
90
94
11
29
31
82
83
60
36
91
91
91
89
62
1
95
72
22
77
94
83
74
62
69
52
84
4
18
76
52
23
96
57
96
47
23
22
93
19
58
5
68
72
87
0
82
11
5
8
79
69
76
42
16
88
21
64
48
35
34
86
38
59
37
42
0
80
80
35
73
77
84
9
28
47
89
16
57
77
18
45
83
58
37
52
0
10
69
75
78
50
14
51
39
72
8
73
75
86
10
61
9
73
58
52
23
27
7
50
9
84
48
37
16
4
2
72
65
38
48
77
95
49
32
6
45
24
78
68
95
56
88
35
74
32
99
33
57
3
4
55
88
77
67
67
97
60
76
9
5
43
39
