20
100
0.2
4
2
14
10
23
12
22
8
9
0
15
21
10
9
14
2
6
11
2
17
16
21
12
25
5
16
8
19
24
18
23
8
19
19
16
24
16
3
13
6
18
11
6
23
19
20
21
0
16
12
16
12
0
9
6
11
13
0
22
0
1
17
5
22
20
25
14
23
19
24
23
16
2
2
7
0
4
4
2
10
7
0
2
14
15
18
0
10
18
9
18
0
10
15
15
18
21
5
20
17
1
18
8
17
4
1
14
12
23
4
13
12
23
6
6
0
17
12
22
25
8
1
18
25
7
20
3
11
10
9
10
21
12
25
5
18
17
21
12
15
2
19
20
9
15
7
24
3
9
4
0
5
20
25
19
15
0
16
4
3
8
17
23
25
14
3
6
10
21
12
14
10
6
21
8
15
19
24
3
16
7
2
10
10
3
9
9
8
19
10
1
15
5
22
23
10
2
19
23
3
12
11
5
21
39
1
55
56
2
13
50
91
33
71
31
98
0
45
70
23
22
56
28
7
65
51
40
13
32
41
35
94
64
3
38
24
20
33
50
36
29
76
45
70
0
16
97
79
42
50
65
82
50
30
53
71
16
30
34
2
53
72
30
48
33
63
92
90
71
60
62
3
59
10
71
11
69
23
94
0
89
63
47
4
23
58
38
77
6
37
31
23
82
99
28
57
28
61
4
49
39
9
63
71
85
46
79
91
16
12
93
56
78
46
58
93
28
81
29
1
11
61
37
92
2
77
19
6
22
18
17
54
22
69
20
93
11
49
67
84
25
6
20
92
43
49
14
53
81
16
38
37
44
68
85
99
16
85
36
92
30
83
99
14
51
68
89
10
54
8
55
60
19
45
71
94
44
80
94
12
83
86
98
80
53
83
74
42
58
0
55
39
4
2
9
91
16
13
99
60
2
56
87
73
48
96
92
64
97
83
96
32
22
33
63
98
17
17
91
40
77
80
86
30
28
72
65
1
82
63
23
85
33
78
66
35
81
38
36
31
35
24
70
85
97
30
5
21
85
36
39
16
73
78
38
57
30
55
10
50
49
84
67
41
29
36
70
78
67
45
26
77
81
90
48
88
64
23
68
15
41
40
65
82
95
23
74
85
16
72
3
85
16
32
22
64
6
91
41
50
99
35
55
3
64
89
4
18
51
66
37
37
49
94
51
84
71
75
38
35
5
41
34
67
78
96
29
31
27
31
32
94
35
51
4
88
86
86
26
23
37
50
12
69
76
80
71
6
41
26
83
46
64
86
88
5
84
36
30
41
33
13
72
89
81
91
28
95
44
72
35
28
75
73
92
22
13
52
12
17
84
1
52
10
47
64
91
66
65
31
76
62
55
90
11
94
42
98
62
55
36
84
65
43
71
85
78
90
24
91
9
93
76
70
79
33
87
49
58
5
14
56
16
60
21
85
28
30
32
6
64
35
64
73
85
68
34
48
55
30
37
49
6
4
78
26
13
88
39
19
14
52
18
35
50
81
43
16
40
78
66
8
46
60
75
85
62
99
86
53
87
25
7
31
9
42
44
24
5
12
91
60
57
1
74
69
83
74
46
28
19
38
78
69
95
65
94
63
2
32
46
29
43
41
56
94
54
10
1
21
28
70
17
10
96
4
31
39
99
66
26
59
87
0
7
61
32
98
82
21
89
12
16
86
80
74
25
85
63
47
66
46
24
93
6
21
46
24
73
57
13
7
77
19
15
24
29
84
58
66
72
46
25
30
10
90
10
45
85
73
70
40
63
69
1
96
84
0
53
23
49
48
60
14
42
44
70
84
48
99
14
76
47
10
56
65
97
31
1
2
59
71
49
18
87
10
68
7
29
74
36
83
81
44
16
55
70
23
59
9
99
41
41
95
73
80
33
13
11
98
80
69
98
53
74
96
68
67
27
29
86
77
86
68
8
67
50
14
16
46
41
54
47
26
11
9
70
11
20
42
53
72
58
3
32
75
70
50
52
40
10
73
42
15
3
30
71
82
16
48
13
44
35
59
41
79
13
78
28
98
10
76
28
12
38
30
91
97
41
54
68
40
97
4
33
68
75
28
98
38
89
15
22
40
94
44
34
99
79
13
86
60
97
49
37
67
41
88
7
26
46
74
28
1
81
74
7
8
53
24
13
91
25
95
81
83
45
78
94
20
48
15
82
46
66
55
69
71
46
28
12
65
54
25
75
40
1
63
91
60
6
41
87
74
76
1
91
50
71
13
50
45
70
91
30
28
24
47
79
68
48
65
65
55
67
2
41
47
6
83
