10
100
0.4
2
10
17
21
5
12
23
12
0
1
16
21
7
24
0
6
20
9
12
4
22
15
21
22
25
8
14
2
20
2
24
20
12
10
19
23
12
19
19
19
2
10
20
2
7
14
7
19
20
4
10
14
4
3
17
7
12
6
1
15
17
0
14
6
9
16
15
2
20
1
4
18
7
2
3
12
23
13
9
18
16
11
18
13
14
14
2
6
20
5
15
18
13
23
1
4
11
17
5
19
17
0
19
21
22
16
20
24
20
11
20
4
4
19
22
10
16
25
8
10
18
8
20
0
5
19
0
11
16
0
1
25
2
5
21
2
19
13
2
13
25
10
25
24
5
17
25
8
9
16
16
7
13
21
10
19
14
20
8
22
13
15
16
1
5
14
23
2
20
11
15
8
14
2
9
13
11
23
11
1
2
13
15
24
10
21
10
14
10
25
22
20
3
18
12
23
9
11
1
4
17
5
7
21
1
17
17
4
13
19
10
24
17
17
15
18
4
21
12
10
19
5
2
19
8
6
10
13
24
5
15
6
21
0
9
11
17
8
1
18
14
15
18
8
18
4
3
14
10
19
15
23
1
6
13
20
22
15
18
15
10
4
10
6
11
13
20
24
0
18
17
18
1
14
8
1
3
6
5
12
2
2
22
3
8
11
13
16
8
22
0
16
5
11
7
22
6
19
2
16
16
2
25
7
16
19
1
7
12
2
0
21
21
19
5
7
12
15
22
15
4
15
5
1
14
2
11
6
17
2
6
11
22
22
3
3
23
7
3
5
9
16
20
25
9
2
1
15
10
6
3
14
5
4
20
10
18
4
5
9
24
3
10
17
0
1
20
21
10
11
19
12
5
17
23
2
21
8
2
22
1
24
13
0
21
16
17
1
14
24
10
19
7
22
9
9
18
11
13
9
25
56
13
72
91
89
98
65
76
79
41
31
81
19
33
97
33
24
51
99
65
92
75
53
38
70
3
37
91
62
74
42
55
75
71
96
29
12
38
1
17
14
63
9
28
40
61
41
99
25
85
93
19
3
62
92
31
98
56
34
64
88
24
64
27
99
99
10
0
75
40
11
54
46
9
10
61
16
28
69
43
67
96
36
46
13
16
32
86
5
11
12
26
19
27
19
23
79
91
8
5
5
76
51
65
97
47
94
51
80
58
35
42
85
38
59
6
45
53
65
32
79
18
47
65
30
96
18
66
63
73
1
56
31
56
19
42
4
88
51
99
36
31
67
51
60
32
58
24
52
48
8
96
73
16
49
10
43
85
75
73
75
94
92
2
82
30
84
60
7
59
93
42
31
99
21
6
25
36
49
23
44
9
71
47
94
6
86
50
14
21
20
17
84
74
62
30
67
48
55
47
33
20
32
9
42
20
88
57
66
81
46
10
39
72
34
66
39
74
47
18
91
45
11
93
45
94
2
60
78
38
94
78
18
77
11
32
80
54
79
92
55
62
26
17
43
17
13
33
19
80
56
99
19
93
73
70
19
12
28
59
94
66
24
7
34
21
86
88
93
57
3
57
54
68
76
91
1
78
49
22
30
84
0
28
58
10
35
98
36
63
95
93
84
81
16
76
80
16
32
72
29
99
20
44
62
29
78
30
60
89
48
25
3
25
70
10
10
60
5
52
27
14
85
97
6
99
17
81
79
55
77
10
63
26
67
25
13
45
42
45
93
83
3
28
32
15
46
47
57
77
65
62
25
54
18
50
58
61
47
72
4
67
19
52
16
22
8
81
44
39
79
9
55
96
10
1
84
96
73
56
20
56
63
45
25
87
41
6
12
67
4
26
60
87
54
85
53
59
68
88
70
36
95
33
68
71
28
36
66
70
43
41
6
87
77
31
89
74
42
6
89
46
14
95
0
27
54
86
11
60
17
56
70
0
19
10
97
88
24
18
4
70
76
69
51
10
40
38
32
80
56
68
83
13
94
31
1
36
66
37
90
87
60
71
23
79
94
28
83
60
5
41
51
11
37
37
75
34
31
24
57
65
63
83
94
87
83
18
87
8
65
99
82
9
80
90
96
8
25
39
37
78
64
82
36
77
61
9
36
14
4
99
52
31
10
24
36
62
81
61
35
74
49
40
65
23
7
1
15
15
29
94
52
66
4
4
44
60
78
34
34
64
99
71
11
98
7
65
28
99
99
68
6
63
68
65
5
59
9
94
52
18
57
41
25
17
39
45
9
10
49
53
72
56
9
35
84
62
55
71
37
91
1
13
64
12
40
98
72
62
52
90
72
96
42
72
24
14
96
