10
100
0.6
23
13
9
12
7
1
3
1
14
4
1
21
2
9
18
12
17
19
22
0
25
0
18
10
5
25
6
23
14
17
2
0
12
16
20
24
13
17
12
18
1
14
13
4
11
15
22
14
0
24
25
11
6
6
10
13
16
19
11
13
13
10
13
3
5
25
10
22
16
23
15
2
4
7
22
6
6
24
13
1
17
5
13
25
6
24
20
21
13
19
0
17
20
13
9
23
24
6
12
4
14
19
9
18
0
10
15
3
2
18
16
15
5
13
7
13
20
5
15
12
24
0
8
8
20
23
6
0
17
9
18
25
22
5
8
10
17
17
18
21
10
11
19
14
14
11
23
18
12
8
22
19
16
19
4
1
18
10
24
8
23
9
10
7
7
14
4
9
7
1
12
15
22
1
11
9
9
24
24
6
4
13
16
25
24
5
16
18
12
12
17
1
2
9
7
2
13
4
6
14
14
3
19
4
7
17
6
5
2
5
3
16
10
1
8
14
25
5
18
14
1
0
2
5
20
6
25
7
2
7
0
8
8
17
1
1
21
7
21
9
23
7
4
6
15
14
10
22
13
0
1
25
11
0
24
20
19
3
8
25
20
14
12
12
22
0
16
6
8
21
6
1
3
18
7
13
22
17
1
0
5
0
5
9
10
9
11
1
5
21
7
19
7
10
21
24
12
20
14
21
4
17
18
16
1
4
1
16
20
2
5
0
8
1
15
8
5
14
6
13
24
9
12
10
11
20
18
20
23
6
16
2
15
7
5
18
23
5
25
8
19
5
14
25
5
7
2
25
4
23
0
11
23
14
19
9
2
23
17
0
22
25
9
5
23
21
9
8
21
23
23
15
16
9
20
2
6
24
0
8
1
3
4
6
25
22
3
15
3
7
1
17
22
6
22
12
0
23
23
4
11
19
25
12
1
13
25
3
17
17
13
3
24
7
23
10
14
1
18
21
6
21
24
22
19
8
11
0
12
7
11
3
2
12
3
24
3
15
8
1
8
22
21
19
12
4
4
12
7
23
13
0
9
16
7
23
13
25
16
7
24
24
11
6
12
18
16
7
5
16
10
25
7
11
19
9
18
19
8
0
18
17
2
15
22
5
16
9
23
9
8
1
1
6
25
6
24
0
5
19
11
9
15
11
20
4
9
20
15
20
10
9
16
12
6
23
23
7
17
12
2
4
2
25
11
18
23
24
2
20
20
18
6
10
16
2
17
24
14
16
20
4
6
10
2
13
20
6
12
25
23
13
6
9
0
3
3
23
19
2
4
7
8
15
10
23
21
1
21
9
19
13
14
23
3
17
18
18
20
18
13
15
17
13
12
6
7
17
21
7
11
6
19
19
11
18
20
17
0
11
31
60
8
73
92
74
29
60
60
30
8
81
39
82
13
5
28
41
16
40
12
22
99
41
43
84
28
5
41
84
44
68
82
16
7
60
34
97
26
53
70
68
45
83
8
33
69
8
0
88
15
79
66
30
48
55
8
82
52
27
30
23
56
71
8
24
97
1
71
15
45
38
25
89
69
10
42
28
42
63
47
23
11
5
40
18
85
8
50
86
50
73
50
63
28
92
62
45
59
14
28
68
22
28
9
56
33
66
52
70
64
25
88
18
61
31
88
80
19
95
81
20
36
41
91
56
44
49
59
33
29
42
60
47
41
64
38
74
91
97
22
90
38
3
68
87
66
43
49
38
86
73
17
28
43
51
75
37
97
38
92
77
52
87
47
79
22
42
70
8
80
48
14
18
98
70
85
38
51
83
3
91
8
6
65
44
27
81
91
89
46
40
90
94
71
92
11
30
39
84
65
94
86
91
7
53
5
44
56
70
38
49
0
19
69
65
84
73
97
93
19
2
63
33
52
59
94
33
46
53
1
99
28
19
21
29
30
5
75
37
62
31
23
64
72
91
81
50
78
64
51
37
26
89
49
48
12
68
20
10
26
12
13
46
44
21
71
52
71
18
6
73
86
66
10
66
7
74
68
56
58
77
49
90
51
31
25
55
40
99
36
81
57
7
47
45
92
66
27
3
47
61
70
5
62
14
21
44
57
25
52
86
48
36
38
15
45
3
29
21
31
76
59
58
90
29
74
66
15
18
95
7
41
39
31
2
4
40
36
49
99
37
43
16
38
86
71
11
17
80
2
87
47
14
56
51
27
35
59
74
1
12
30
69
90
63
34
36
16
45
63
43
82
79
43
44
15
74
35
6
56
25
57
66
40
32
8
92
41
35
90
10
56
79
60
69
57
66
67
66
