20
100
0.6
25
13
17
17
22
2
14
17
19
16
5
11
5
14
7
17
22
18
11
25
23
0
14
6
4
18
15
3
6
19
4
19
21
14
2
23
19
6
19
2
7
25
13
22
1
24
21
17
11
19
11
13
16
16
14
23
17
16
18
4
17
17
4
12
17
18
0
24
13
20
14
12
8
25
15
18
19
17
21
0
24
1
18
4
7
22
24
24
11
22
23
25
5
2
16
8
3
23
21
16
23
11
4
6
14
19
11
2
16
1
1
8
22
25
13
4
10
15
25
20
15
15
4
15
8
6
23
2
1
18
12
7
24
19
21
15
8
9
10
12
12
7
14
7
24
12
21
7
14
21
24
7
11
9
11
20
5
2
24
8
19
10
25
16
21
22
24
22
15
13
7
23
16
10
18
4
8
15
21
22
15
25
4
20
12
22
0
7
19
23
9
1
2
21
25
18
18
14
1
13
3
20
2
23
21
12
7
16
7
15
15
14
11
2
8
15
2
5
14
13
6
13
21
25
2
20
15
9
9
14
14
19
8
15
24
15
19
24
25
11
21
8
0
6
18
16
20
20
4
3
13
12
21
20
24
11
18
11
4
0
16
10
24
23
15
8
18
24
9
24
11
24
20
7
14
6
19
25
19
21
17
11
9
21
0
9
13
12
25
22
18
25
0
4
7
4
1
12
23
8
24
3
4
14
10
2
21
2
15
6
10
10
5
21
1
18
21
13
6
16
21
21
11
15
24
8
1
1
22
14
8
3
20
18
16
7
15
20
23
13
18
8
22
16
10
2
24
22
4
2
25
5
21
12
15
8
24
6
11
6
4
0
8
22
11
14
6
10
14
3
6
25
8
3
17
1
0
17
22
25
6
25
8
9
9
12
9
21
3
7
11
19
20
22
10
12
12
11
19
19
4
22
14
13
10
11
20
12
3
1
14
8
12
19
25
22
21
22
23
6
10
2
2
6
23
0
3
16
20
12
6
8
10
19
2
16
24
25
1
12
6
2
17
22
5
14
22
17
18
16
24
13
4
22
15
12
15
22
6
17
6
13
17
2
4
24
3
7
2
24
18
7
25
22
7
19
16
12
6
12
15
5
25
6
17
17
20
0
7
8
18
4
20
8
11
2
22
16
2
3
14
23
8
12
3
3
8
12
18
1
10
10
15
2
12
1
3
2
17
11
11
24
3
23
5
8
12
25
1
2
2
24
24
14
12
5
20
7
11
11
20
4
3
23
24
4
23
4
18
15
3
2
13
23
4
20
0
13
1
23
21
15
14
14
22
2
21
12
14
20
11
24
24
7
24
14
20
14
15
12
14
1
7
16
5
14
0
18
2
17
11
1
23
0
9
14
21
5
19
7
48
54
12
46
14
60
11
73
14
17
3
15
65
39
5
67
89
59
41
32
4
5
48
86
63
34
57
24
67
1
26
21
91
80
72
1
32
55
15
7
5
42
14
33
46
87
89
74
44
9
52
95
17
29
30
49
90
83
81
57
86
64
14
51
8
92
10
32
68
26
51
37
64
64
80
37
7
59
54
26
43
54
32
0
24
94
25
50
82
38
0
23
27
26
99
56
10
55
25
55
68
72
95
36
84
22
56
20
44
73
63
79
77
47
96
55
34
78
43
76
47
42
11
58
10
81
9
20
10
93
76
5
81
95
12
67
45
36
69
34
16
3
20
56
2
29
78
88
76
82
11
11
14
45
40
77
68
17
24
56
68
54
79
83
88
70
75
70
65
25
99
30
67
5
87
73
54
2
74
49
55
87
66
42
68
0
91
84
2
91
32
20
92
44
10
28
28
66
17
88
45
83
33
72
6
66
16
63
1
93
91
38
80
24
61
12
11
34
72
3
7
4
30
72
56
55
96
42
19
79
7
57
9
86
40
95
16
88
23
32
93
68
30
35
66
9
32
96
42
30
22
7
64
33
75
93
24
18
74
70
19
2
89
40
59
75
49
33
75
78
60
58
35
74
98
85
25
82
30
49
32
84
95
59
10
86
81
12
85
5
20
52
77
95
87
6
30
94
89
92
46
86
45
58
46
20
4
3
98
67
32
11
76
41
48
83
5
18
58
26
51
33
52
5
18
26
40
88
39
16
78
62
77
74
14
41
3
45
80
83
52
82
31
48
65
10
47
11
96
79
23
89
4
9
7
91
53
39
37
58
89
19
41
90
34
8
99
90
79
72
3
5
6
6
53
59
76
73
79
86
54
7
48
33
4
24
29
87
86
57
58
26
27
12
42
63
22
34
85
93
