25
100
0.4
11
8
14
18
20
21
9
15
25
24
7
16
14
2
9
5
13
12
0
22
25
11
1
24
0
7
6
10
7
17
17
25
25
13
6
17
19
15
7
13
14
9
1
19
6
7
6
23
12
15
3
18
13
19
15
24
20
13
1
12
14
19
17
8
3
7
25
9
22
13
10
10
6
13
18
25
6
15
0
24
23
19
18
7
15
3
8
19
22
11
4
20
7
17
10
1
14
23
0
3
15
9
22
16
0
20
21
8
20
21
4
12
24
21
22
2
5
13
10
5
14
8
18
20
19
8
16
16
20
7
15
23
19
11
3
14
17
1
10
21
18
4
17
10
21
10
6
16
23
23
21
21
0
9
15
18
22
15
23
18
8
13
11
25
4
7
7
20
8
24
3
19
4
20
0
4
0
19
12
16
18
4
0
1
3
23
17
19
4
9
4
13
23
19
10
6
18
13
3
16
13
11
14
15
15
6
19
13
20
13
24
17
16
6
4
11
13
5
16
16
20
2
3
22
24
6
20
22
13
8
10
15
13
13
10
15
17
6
11
25
25
23
24
16
20
12
1
20
18
3
3
2
6
21
24
7
3
1
11
25
22
21
2
24
20
25
23
24
21
7
17
2
20
22
4
22
5
6
6
3
20
22
25
7
0
9
19
4
6
0
15
6
11
12
24
20
17
13
4
0
5
6
12
24
0
3
17
7
4
14
4
7
19
18
10
21
2
21
6
6
11
11
12
6
13
25
19
12
3
24
22
21
21
2
0
7
5
14
5
13
16
16
20
24
13
12
11
4
13
7
0
1
23
19
3
3
18
15
2
6
0
19
20
23
22
18
1
18
18
20
17
23
20
25
15
13
0
22
7
23
1
21
14
13
4
13
11
19
10
23
6
0
2
5
7
0
25
8
12
7
15
36
49
19
24
43
5
43
79
37
55
82
80
83
77
24
3
25
37
33
57
70
75
19
20
17
92
90
3
6
9
74
14
39
91
79
40
88
97
43
56
79
28
72
74
67
10
93
34
18
93
34
67
33
70
3
16
92
42
78
0
16
65
91
97
83
34
86
41
67
23
88
47
57
59
67
52
36
85
17
89
25
16
36
1
41
2
31
33
88
96
25
35
70
88
83
74
94
73
20
7
37
34
96
77
40
49
52
51
61
29
20
12
10
16
56
73
9
13
51
98
8
22
59
45
1
55
5
75
63
41
17
63
63
48
14
90
89
9
30
57
74
60
28
5
73
24
65
70
17
97
20
36
52
90
82
49
1
22
54
63
45
30
82
18
99
47
38
37
56
25
69
87
40
27
93
97
49
21
67
48
91
71
38
1
43
9
19
99
82
93
77
94
82
12
30
91
62
44
60
78
5
38
5
14
67
18
47
17
53
52
19
65
11
32
62
36
94
88
66
97
71
6
54
39
99
28
91
75
84
6
96
87
65
29
40
82
46
69
6
47
58
98
73
56
30
89
3
67
9
83
66
89
7
17
93
65
66
88
60
88
57
97
56
69
40
10
17
52
11
65
43
5
30
29
2
38
37
96
66
99
2
54
35
23
5
12
58
80
71
53
38
18
49
72
98
8
34
10
62
39
97
59
41
85
63
40
26
87
98
73
21
8
56
53
0
69
52
5
20
62
72
95
69
89
18
90
33
53
27
49
12
24
57
3
56
47
49
18
16
83
38
12
35
75
5
14
62
82
59
73
84
20
70
57
7
2
50
20
71
16
55
20
41
92
9
78
33
82
97
47
18
10
45
11
7
8
43
81
81
73
96
11
4
18
50
25
38
65
68
36
2
97
1
31
71
53
62
11
28
6
31
99
29
91
25
35
90
51
60
97
72
92
65
86
99
8
62
55
54
76
41
46
96
46
72
72
11
72
32
25
68
87
65
67
96
87
57
29
24
90
19
55
22
52
14
34
42
33
97
52
42
19
87
11
15
29
91
87
32
3
48
16
58
9
25
31
50
80
19
98
55
44
52
66
65
37
73
73
43
70
29
11
25
87
80
67
82
65
78
98
91
23
26
15
19
40
74
48
99
9
17
96
95
72
24
55
58
6
89
74
69
20
9
28
38
85
82
85
29
22
64
89
10
1
30
89
23
56
74
65
58
38
19
64
66
50
4
11
49
84
43
93
28
87
8
13
64
36
18
62
23
55
79
76
51
80
81
86
58
26
26
30
31
66
79
76
34
32
89
11
63
69
89
34
94
61
39
83
92
31
44
56
3
83
3
2
60
4
54
13
49
32
65
86
90
86
69
8
66
