10
100
0.8
5
3
5
1
18
12
2
14
4
19
2
10
18
15
1
12
20
16
9
12
1
3
20
13
15
10
5
13
8
6
19
12
25
17
19
16
6
24
7
22
24
17
7
12
11
16
5
6
21
18
10
16
7
21
11
16
2
21
13
16
24
14
4
24
1
19
9
0
18
17
20
9
2
15
17
15
18
4
0
5
5
20
7
10
20
10
14
8
23
24
21
19
21
10
4
25
16
14
4
13
11
4
6
7
8
22
25
1
18
18
4
9
21
7
8
10
3
0
13
12
6
5
24
19
19
1
25
10
1
23
25
17
19
3
2
6
19
12
13
20
19
19
3
25
8
22
3
19
7
0
1
1
22
23
19
16
14
12
2
19
22
16
17
25
2
9
4
5
4
15
2
3
25
9
18
14
1
0
7
11
22
18
17
13
11
5
1
8
6
12
12
25
9
4
11
17
11
10
10
12
2
10
16
19
4
25
19
16
25
19
19
15
14
12
25
4
16
25
19
23
8
20
22
0
14
15
18
23
6
9
1
7
15
5
23
0
2
23
13
23
2
14
21
20
15
13
17
23
7
4
19
9
25
25
17
6
14
17
22
18
3
23
19
11
16
25
7
25
9
20
17
0
18
12
6
20
15
12
4
14
0
4
15
21
15
11
18
7
24
7
23
11
24
6
18
19
10
19
0
7
19
19
13
14
11
2
12
19
7
17
0
21
0
5
25
16
23
17
11
22
24
3
25
17
13
2
9
16
18
4
13
4
15
21
6
8
19
9
4
9
0
20
1
10
2
24
10
12
16
4
3
2
21
25
15
9
10
11
12
10
1
3
21
18
20
14
9
0
5
22
15
2
4
6
18
10
20
17
2
22
6
23
22
14
21
0
4
12
21
22
14
9
23
24
6
15
7
14
14
21
0
23
22
7
1
22
6
18
20
21
15
16
4
2
8
6
7
6
15
20
20
24
15
2
17
14
7
16
15
22
10
4
25
4
6
13
18
5
2
18
0
0
12
17
21
24
23
6
7
8
24
6
13
15
6
18
24
8
18
21
19
22
0
25
24
4
21
2
20
20
12
4
0
11
19
0
14
4
24
20
16
12
21
16
1
12
14
5
3
10
16
25
6
18
4
13
15
14
25
3
16
14
5
6
13
17
0
4
17
24
0
0
18
20
16
17
3
11
18
19
3
9
19
10
11
11
18
13
1
10
6
14
1
1
22
1
13
6
1
23
4
4
9
3
1
22
19
25
4
20
9
10
25
23
12
8
6
4
9
1
14
13
15
8
23
3
13
10
10
9
24
11
24
15
9
24
6
15
10
8
24
12
25
17
25
8
15
12
4
17
14
12
22
3
25
17
0
1
20
11
18
24
10
12
11
17
3
15
8
0
14
1
8
17
25
9
19
0
11
9
20
12
21
9
15
4
2
0
21
23
20
12
2
15
17
23
8
9
19
1
24
25
25
8
17
8
5
24
1
11
2
22
19
1
4
8
0
25
19
25
15
12
25
10
25
5
18
19
17
15
15
7
18
9
25
23
9
25
5
13
17
14
4
6
2
21
9
15
19
13
20
16
6
7
19
2
9
25
16
11
0
20
7
14
3
15
15
14
15
24
13
14
16
1
23
23
23
18
12
15
7
13
19
6
21
13
18
13
20
11
6
10
21
12
5
1
21
4
8
17
2
4
16
21
15
20
10
3
25
6
24
20
14
18
20
13
21
2
10
17
19
20
0
9
0
8
4
6
21
7
24
16
17
19
23
5
25
11
7
6
7
14
8
15
1
3
14
23
19
6
11
7
1
6
25
3
8
7
24
6
90
91
51
41
11
52
20
16
66
44
99
65
78
53
99
90
84
65
56
8
33
90
70
92
50
90
60
14
23
78
5
81
28
81
75
99
81
34
42
57
80
20
37
26
53
62
19
60
48
83
52
26
95
85
42
60
13
41
94
6
4
43
10
40
15
6
35
91
93
85
48
6
52
29
29
17
59
25
61
16
30
12
39
36
62
70
4
35
85
81
54
63
51
14
86
91
72
79
53
20
84
78
20
88
45
29
52
52
34
15
35
6
68
30
86
2
48
84
2
62
70
7
95
93
86
62
58
5
2
65
78
19
91
7
86
88
23
54
77
87
54
86
92
81
29
55
17
41
82
42
22
79
55
5
25
18
66
71
18
54
20
18
12
65
90
67
24
79
54
26
72
11
0
94
81
61
49
30
93
28
25
23
18
4
44
7
68
59
8
11
16
43
53
79
95
15
19
15
43
48
