25
100
0.8
1
11
24
18
11
22
10
14
18
7
18
7
11
20
23
2
15
15
7
1
11
6
23
18
23
24
24
21
8
25
19
14
18
21
5
16
22
3
16
4
19
22
2
2
10
5
3
16
22
3
11
12
17
23
5
13
7
24
13
4
0
20
2
12
18
6
12
11
13
15
22
24
20
23
5
3
21
25
12
9
11
22
23
12
11
22
4
19
6
15
21
18
5
5
15
15
7
9
4
10
8
0
21
15
16
5
0
8
23
16
8
5
10
24
14
19
7
11
6
10
8
16
4
25
8
13
5
15
1
18
7
2
0
2
5
22
20
23
7
2
6
3
3
0
6
7
2
10
13
10
16
23
3
19
8
24
11
24
20
15
5
21
25
13
6
18
22
7
7
24
23
1
5
0
22
11
18
20
10
8
12
9
24
15
1
21
5
1
14
19
3
4
22
4
18
24
21
14
22
23
20
1
5
15
24
12
8
18
13
13
5
0
17
14
12
3
0
23
22
8
23
25
9
12
19
25
0
22
22
11
12
20
10
23
25
23
22
14
25
11
23
24
7
23
3
16
8
6
21
2
17
20
18
3
8
25
4
10
15
13
14
14
5
13
16
15
5
24
10
5
11
4
3
22
0
9
24
23
16
0
18
19
3
23
9
4
9
15
10
9
5
16
7
4
25
10
3
17
12
15
13
1
2
13
14
6
21
19
1
11
13
23
8
6
16
20
18
19
2
6
12
3
5
11
24
17
6
6
21
16
19
22
6
12
22
10
21
16
21
22
7
5
18
3
4
3
20
6
7
24
19
25
25
11
7
10
22
16
8
3
22
0
19
10
15
10
20
4
3
18
10
16
24
9
21
0
15
17
2
6
11
12
2
7
5
20
10
16
17
2
14
12
22
1
24
14
2
23
10
18
24
7
22
1
23
18
14
3
22
14
20
21
14
0
8
20
9
1
15
24
19
0
13
19
15
6
21
25
4
13
1
15
2
9
18
10
2
8
9
22
19
21
24
4
25
18
10
12
11
5
9
17
23
21
23
24
16
0
21
18
22
24
16
12
5
5
20
21
19
11
3
25
18
10
22
24
14
19
9
9
17
1
3
0
24
23
4
16
20
21
15
17
22
0
13
25
0
23
23
1
6
4
12
21
5
11
3
21
7
14
18
6
9
0
24
23
15
16
14
2
1
17
15
17
8
6
15
1
0
17
13
3
21
0
0
24
1
12
25
25
13
11
17
14
16
7
24
13
1
17
2
7
16
25
14
12
19
21
19
24
24
10
8
22
24
21
14
9
20
16
16
13
20
6
17
17
11
21
2
3
15
21
0
20
10
6
23
13
6
10
14
15
4
6
23
7
16
4
22
3
18
14
4
14
8
8
11
5
19
19
14
15
19
20
22
6
23
4
25
3
11
16
12
23
19
14
25
24
14
25
23
2
4
8
18
10
9
5
4
13
14
9
15
2
24
11
6
18
9
4
10
3
17
19
11
8
18
21
12
0
15
18
3
7
21
13
5
7
6
22
8
21
8
16
23
25
9
1
3
11
25
16
10
12
18
13
7
11
11
0
3
7
13
2
10
3
12
15
25
23
25
25
0
19
13
15
0
12
13
4
7
25
22
20
16
11
13
21
18
13
14
5
25
5
8
18
8
0
1
18
13
18
2
20
24
11
13
20
7
25
14
25
19
25
10
4
10
12
15
22
13
11
9
5
23
10
8
15
5
2
12
0
15
1
19
4
12
8
10
0
5
23
0
16
6
24
5
23
2
17
0
16
11
8
11
11
6
7
15
9
1
11
7
3
3
3
24
17
13
14
58
9
64
37
72
74
46
91
79
59
49
0
47
73
70
43
30
57
60
77
26
15
45
32
16
93
69
55
78
73
75
11
95
59
14
22
19
75
7
8
3
49
41
55
45
77
37
60
72
78
71
8
76
66
67
48
2
11
46
74
38
8
2
27
17
59
33
93
36
82
28
47
61
49
52
32
8
67
20
81
17
30
26
69
55
23
1
65
39
78
2
34
59
92
6
51
68
91
22
59
14
93
31
75
28
75
0
76
4
93
65
27
42
60
37
79
0
73
88
91
88
90
68
33
89
55
43
10
85
33
27
93
43
84
38
12
3
54
16
69
47
59
27
66
83
74
86
70
70
71
46
27
47
18
98
19
58
9
84
17
3
11
69
58
22
66
8
69
75
89
94
91
73
98
87
62
4
44
49
55
91
88
48
83
2
65
1
35
10
81
49
0
43
4
71
0
14
3
65
19
