20
100
0.8
9
21
16
10
13
22
24
14
19
4
19
18
17
18
9
13
24
14
24
13
2
22
2
24
8
19
12
13
24
2
8
8
14
21
20
13
0
9
14
23
19
23
16
9
11
13
12
10
25
0
1
22
12
10
20
7
13
20
22
22
9
21
4
4
1
6
3
1
18
2
0
15
8
0
23
1
7
24
9
9
1
4
23
22
21
15
9
15
0
5
24
9
3
5
24
3
11
15
23
11
25
13
17
9
8
8
9
17
22
23
2
18
16
11
21
23
6
3
9
1
25
8
25
20
8
3
8
10
7
10
8
0
3
25
22
17
11
11
15
23
15
15
24
17
3
25
21
6
22
10
7
23
18
5
23
1
15
1
4
16
15
7
19
1
9
22
6
22
9
15
16
7
23
13
7
17
23
13
8
16
24
18
6
19
13
13
5
9
21
22
2
22
22
0
19
23
14
21
20
22
3
21
15
22
16
8
6
1
5
15
18
21
10
18
15
24
16
4
7
11
6
3
15
19
15
21
5
17
11
25
1
10
4
1
4
24
0
1
15
22
2
10
18
3
19
1
10
24
25
15
19
17
18
0
8
17
5
6
20
8
12
12
5
0
4
21
24
7
9
13
3
11
24
0
22
19
2
7
23
0
13
2
12
12
11
23
23
11
3
25
23
14
5
15
17
5
11
6
20
0
3
14
11
2
15
24
15
14
16
23
0
16
20
4
9
0
14
21
24
16
19
15
5
11
2
20
2
21
14
15
13
9
12
9
3
0
24
12
4
18
5
11
11
10
12
22
11
4
11
12
22
12
3
13
11
22
24
7
20
7
12
17
20
14
0
16
11
18
14
15
17
8
12
7
14
1
14
9
13
0
5
22
6
6
14
8
15
14
21
8
25
7
16
25
13
11
5
1
13
19
11
10
13
9
13
15
23
13
18
16
9
8
15
5
15
16
2
10
5
10
22
6
2
21
19
16
0
18
8
15
4
23
5
9
8
15
0
4
11
22
1
25
9
25
24
6
19
25
21
8
23
1
16
7
11
5
21
1
2
9
25
12
1
23
18
15
7
2
2
20
14
13
5
22
2
21
9
12
17
22
1
9
25
17
25
2
24
0
23
9
19
14
18
18
21
17
12
2
7
11
19
3
21
16
3
18
11
0
0
13
5
23
1
22
5
20
16
18
6
5
22
11
25
2
20
20
3
9
4
6
0
8
18
6
1
0
15
15
8
7
9
12
4
19
16
4
22
7
20
13
14
15
20
16
18
6
8
9
9
23
19
21
21
13
12
6
3
21
16
0
22
4
20
5
14
5
16
0
25
4
4
10
17
5
7
19
3
23
0
20
17
20
20
4
2
20
21
6
24
0
12
25
1
16
4
13
19
25
14
4
11
12
16
23
2
18
13
20
3
24
8
20
15
12
12
9
24
6
7
18
22
10
18
20
17
2
24
1
1
19
20
9
0
25
11
13
20
7
3
10
14
18
1
3
12
19
22
8
9
20
22
12
0
10
8
2
13
11
22
16
24
8
15
10
8
2
11
4
5
1
6
2
1
14
18
11
18
16
11
19
13
12
21
24
21
2
4
2
5
9
8
0
25
0
18
20
17
9
7
5
5
25
14
2
19
25
4
18
15
1
4
3
0
5
14
25
19
15
0
4
11
11
12
5
3
15
21
13
23
0
25
13
24
1
5
0
22
21
24
12
20
9
13
16
24
1
3
1
15
6
7
7
7
19
4
24
7
24
6
20
9
1
6
5
11
2
3
18
16
1
5
19
10
13
15
15
1
9
14
18
18
21
16
18
2
22
12
18
11
0
97
20
71
93
9
49
96
10
55
87
61
85
84
16
15
52
70
49
48
24
80
61
26
1
72
86
40
23
67
22
92
15
32
81
60
42
19
39
88
3
75
54
19
26
43
31
60
62
74
89
98
6
28
77
16
13
6
40
3
89
13
56
75
66
78
11
41
82
54
70
74
11
69
21
24
2
95
81
62
39
60
66
27
72
41
9
6
20
32
9
43
99
18
16
5
94
2
37
4
3
39
86
98
9
62
50
45
94
41
50
27
58
12
19
40
90
2
80
38
93
32
9
24
37
46
48
48
22
19
30
72
91
17
74
55
66
68
20
74
62
11
33
10
89
7
47
89
33
29
5
56
70
60
29
86
50
4
68
64
4
9
45
32
53
79
42
78
46
89
35
4
84
51
51
35
69
34
5
30
25
25
42
34
36
52
24
16
2
39
40
62
24
49
75
0
47
63
83
32
5
