15
100
0.6
8
13
17
16
2
13
21
9
13
21
25
24
5
24
1
23
9
17
11
3
19
17
25
22
19
16
20
20
13
16
18
8
20
10
14
18
2
20
13
24
0
16
23
14
0
13
9
20
8
17
25
7
25
24
17
25
3
9
7
8
21
7
19
19
19
19
9
4
8
11
19
5
4
6
21
22
14
21
21
17
21
22
17
8
15
11
20
21
16
4
20
19
24
17
8
20
2
16
8
7
2
6
22
1
0
19
20
24
0
22
17
20
8
21
14
5
6
5
19
20
22
0
24
10
24
13
12
15
9
4
24
2
15
7
8
22
12
0
13
19
0
9
0
15
6
1
2
3
1
14
7
0
9
4
9
11
9
23
25
19
17
9
22
14
12
21
13
23
9
1
0
1
22
7
18
24
23
2
9
8
8
19
15
2
19
7
5
12
12
10
1
17
5
5
1
9
10
7
17
18
18
5
15
11
2
0
21
24
4
12
23
22
1
19
21
12
2
23
25
13
16
19
6
17
2
1
9
8
0
25
17
25
10
24
23
20
10
7
11
15
13
6
2
8
4
0
14
18
18
9
23
12
22
25
3
3
16
24
19
15
4
2
7
12
0
15
1
2
17
13
21
7
0
21
5
4
4
5
9
15
5
2
4
10
15
13
14
20
9
9
13
10
15
15
15
4
2
5
2
11
17
17
3
25
23
24
17
11
25
23
15
13
25
21
15
17
13
17
2
3
14
15
15
13
12
0
2
25
20
5
19
12
2
18
12
0
2
4
5
16
23
2
21
3
15
17
24
15
25
14
25
15
17
9
22
0
19
14
19
21
1
6
20
1
7
13
23
13
15
22
5
4
6
7
19
10
0
9
6
1
14
14
5
7
2
19
8
23
2
9
20
18
1
1
4
7
20
14
13
0
12
4
9
9
7
22
19
3
20
14
0
25
0
14
16
20
7
7
4
13
8
17
20
2
11
4
7
16
1
0
18
9
8
10
24
3
8
21
12
19
25
10
11
25
16
15
5
25
14
2
18
9
9
7
16
2
0
8
3
9
12
12
13
9
25
1
4
24
19
7
0
16
15
6
12
4
19
11
6
1
17
2
22
1
14
24
10
0
2
14
3
0
10
13
5
0
13
5
9
9
13
22
19
12
23
20
13
4
3
11
0
15
3
20
2
0
10
24
20
16
9
13
17
20
7
8
9
12
16
6
0
4
4
7
17
10
16
15
25
11
6
12
3
6
5
23
15
2
3
8
24
11
10
15
23
24
2
21
1
17
25
20
9
22
25
11
8
11
13
18
3
16
19
11
5
13
8
15
23
15
4
0
2
18
14
9
6
9
13
17
13
24
18
12
3
25
0
4
17
25
81
98
34
51
43
36
27
63
68
5
93
93
93
28
88
95
48
95
44
60
64
86
27
79
50
88
10
34
43
27
38
14
99
87
54
76
18
71
65
99
57
35
40
67
92
26
15
54
43
46
95
18
79
34
44
96
76
22
33
22
89
95
58
26
3
44
27
77
63
57
91
23
64
93
74
83
56
17
42
95
86
25
53
6
99
42
36
86
99
95
31
80
75
7
12
5
96
69
63
95
40
25
17
54
37
60
47
98
61
95
41
62
87
30
19
50
74
48
73
18
22
93
10
22
2
17
37
60
75
54
67
40
65
58
18
49
77
52
53
46
3
94
48
44
19
43
89
89
15
81
29
32
70
67
42
3
34
54
66
53
70
74
48
6
29
59
50
45
74
41
74
64
27
53
41
96
8
82
88
10
93
40
8
87
75
48
97
6
69
84
45
50
28
26
99
55
44
93
70
36
18
81
74
79
42
5
72
77
26
85
42
55
37
0
11
88
2
76
58
57
63
56
90
54
2
17
58
89
74
87
47
34
33
36
78
5
31
11
73
49
8
42
45
13
21
53
14
85
16
97
10
23
98
81
20
56
94
8
43
22
35
14
48
49
5
94
57
23
51
89
94
0
11
15
78
39
84
26
31
69
2
70
5
79
35
75
21
61
18
61
77
75
69
86
94
21
97
31
67
11
68
20
51
67
31
11
81
76
60
97
61
99
65
27
16
19
43
97
89
67
76
0
62
81
76
70
33
46
98
80
53
5
69
7
56
9
71
71
89
56
93
8
60
52
26
28
87
67
86
98
88
58
34
60
86
33
81
86
74
0
47
46
99
94
21
76
85
28
14
1
42
40
91
34
84
36
29
66
80
72
5
42
65
6
84
47
58
40
41
31
81
92
85
40
40
82
54
97
34
68
