10
100
0.4
9
18
24
11
9
23
3
6
15
24
7
19
24
19
24
14
25
16
12
8
22
8
23
12
3
8
19
17
15
21
7
8
23
14
2
12
18
20
1
6
8
8
13
24
6
17
12
5
23
14
15
1
19
16
24
4
16
23
5
20
6
8
20
8
0
10
13
22
0
10
9
18
24
12
14
22
16
21
13
17
12
1
13
16
8
5
4
25
19
0
20
9
15
22
15
18
4
24
24
17
20
12
8
21
20
11
7
25
24
25
8
8
19
20
5
22
13
13
1
24
25
20
9
13
18
19
13
11
10
19
10
12
22
9
25
19
4
4
21
0
6
5
9
9
22
5
10
9
19
23
9
16
18
12
7
1
7
23
11
20
21
5
17
11
15
4
2
18
18
1
18
2
3
16
12
4
0
24
9
2
19
23
23
13
3
9
20
10
22
2
10
23
21
8
5
19
4
9
15
0
16
11
6
25
4
8
18
15
19
14
22
15
5
14
15
23
23
17
24
6
6
11
1
25
25
16
1
6
1
8
24
9
14
23
23
18
12
25
20
17
12
0
23
6
23
10
9
6
24
23
11
21
16
7
4
14
16
19
22
20
3
25
4
11
3
8
5
4
23
2
14
8
7
11
25
25
3
1
20
0
6
3
21
5
18
17
9
7
24
20
8
14
12
18
20
7
13
7
12
5
5
0
18
24
17
1
25
4
2
13
22
12
11
13
25
24
8
21
7
23
2
2
16
20
10
16
4
16
23
15
20
2
25
11
24
1
1
19
3
4
0
23
22
14
6
23
11
25
20
12
7
6
10
14
22
13
19
8
10
10
8
2
3
9
1
21
11
20
19
7
14
23
23
8
3
25
20
7
23
24
16
24
3
21
11
8
19
4
15
7
5
20
14
16
20
15
16
12
4
5
49
40
37
13
26
87
29
97
80
18
67
17
55
5
30
35
93
78
3
9
41
65
41
20
65
31
44
45
61
35
68
76
44
37
9
68
68
56
34
71
19
57
69
24
42
45
84
9
25
2
99
74
10
29
91
20
40
10
31
64
46
63
9
54
53
8
1
49
39
17
9
89
96
20
29
5
15
75
95
5
26
66
60
87
20
92
64
20
39
86
41
90
73
65
25
10
67
88
93
75
58
76
23
44
39
37
1
10
49
40
59
99
27
33
86
30
9
48
71
84
70
19
27
84
88
88
18
33
34
97
79
55
54
77
72
57
28
69
59
60
26
17
72
46
15
71
17
66
15
18
66
62
22
14
41
34
83
14
61
56
29
29
85
46
0
81
76
24
59
40
26
45
96
68
17
86
67
62
62
67
11
48
38
28
32
89
10
36
48
58
80
2
71
61
62
10
24
19
81
28
88
16
85
72
59
25
77
72
82
11
3
18
95
76
64
79
45
67
88
52
48
3
21
3
67
41
63
32
42
49
62
46
51
41
23
33
95
55
4
39
3
14
57
13
81
48
47
95
82
21
44
25
0
60
76
7
19
84
28
59
18
37
90
34
22
63
36
7
25
18
59
62
39
58
5
84
29
65
61
38
83
35
7
31
34
3
52
55
75
7
43
72
45
84
19
7
44
20
7
97
56
73
22
31
60
81
82
42
81
20
8
0
5
19
54
80
29
64
94
38
27
72
82
19
47
41
91
38
27
10
19
79
0
34
1
79
25
2
46
6
57
0
47
47
69
28
77
13
34
15
13
87
38
49
87
22
71
20
91
8
70
21
8
86
28
88
8
0
50
12
59
73
8
56
74
10
48
59
46
57
88
65
45
31
38
24
81
21
66
75
97
18
11
75
92
10
66
62
14
79
81
13
25
90
16
7
54
54
90
56
9
58
81
78
0
69
55
53
87
84
9
20
67
2
15
21
77
51
54
23
28
92
34
67
15
2
35
62
99
83
44
28
39
8
85
83
78
96
78
32
46
14
1
10
31
5
84
34
29
64
36
40
43
95
59
46
23
60
56
66
28
70
0
54
6
76
20
8
29
18
51
87
40
79
23
68
33
24
83
1
99
41
63
94
76
77
79
49
8
46
79
68
6
90
11
84
43
99
90
69
81
7
70
15
15
70
54
95
79
61
76
54
35
89
17
40
0
98
26
95
34
36
55
15
57
40
14
41
31
47
92
80
60
78
83
6
71
79
97
5
59
65
26
61
95
74
67
81
42
9
69
25
47
93
24
84
58
94
38
21
79
16
24
73
93
65
14
14
72
95
97
25
84
79
72
79
28
21
6
47
56
28
2
9
98
54
54
32
23
13
