25
100
0.6
25
2
3
18
13
7
0
25
20
4
19
8
21
17
18
19
13
22
13
13
1
18
3
6
17
18
8
6
2
19
17
1
2
25
3
23
2
3
3
5
12
1
18
24
0
6
19
10
23
4
15
3
5
22
9
13
1
19
23
8
18
23
0
14
16
18
5
9
2
22
22
14
13
16
25
0
10
21
2
1
17
10
17
24
10
13
7
0
21
19
8
2
19
16
4
20
15
15
7
1
7
18
3
4
4
15
10
4
1
20
7
20
11
22
15
0
22
2
12
3
17
5
18
0
24
12
23
10
20
9
23
2
3
2
1
13
12
24
23
6
0
16
13
3
14
24
9
17
18
17
4
3
5
5
13
17
4
6
10
12
12
5
10
0
7
8
21
21
17
6
20
14
23
21
5
20
10
17
18
11
17
1
9
9
23
20
23
20
2
8
6
22
21
14
21
13
23
4
22
10
21
1
6
20
5
11
0
18
21
12
2
3
14
1
16
18
4
13
10
17
24
17
12
3
18
23
16
25
7
1
2
12
9
10
21
18
21
7
24
11
10
6
4
13
2
10
22
10
5
4
10
24
16
20
4
22
12
14
23
7
10
13
12
10
16
20
2
22
19
8
13
20
1
19
3
10
22
24
6
13
10
22
20
8
16
9
21
3
18
19
23
9
1
17
25
16
12
4
11
25
16
0
20
12
24
4
24
22
9
14
23
5
19
21
21
9
3
22
17
20
1
10
17
22
7
8
9
18
10
5
0
19
14
13
16
23
15
12
25
14
6
4
1
18
23
8
0
20
25
11
10
8
7
15
2
20
24
17
8
25
1
2
16
14
22
7
0
18
21
12
25
21
12
19
19
6
24
12
14
5
20
20
14
18
6
6
10
11
8
9
18
7
6
22
9
9
7
16
20
2
17
9
19
19
17
22
17
1
18
2
22
21
6
6
25
12
5
10
16
0
3
16
21
24
20
16
0
21
2
7
1
19
19
12
0
20
7
5
8
25
20
2
17
18
10
3
19
11
5
10
13
22
7
25
15
18
13
5
17
8
24
21
23
21
24
14
3
2
25
17
5
21
10
3
11
12
18
18
19
17
18
12
12
6
12
21
23
21
11
4
0
12
1
22
0
15
5
11
4
5
6
25
10
25
12
6
6
24
12
16
17
0
13
1
3
17
23
0
8
15
25
19
19
20
25
22
16
7
7
25
11
11
21
22
16
8
2
17
24
5
14
20
18
8
1
8
15
22
10
16
24
3
12
1
6
6
4
13
11
19
20
4
3
11
18
4
23
4
18
14
14
23
17
0
20
3
9
8
19
11
18
15
25
20
5
25
6
1
20
19
1
23
3
20
6
13
8
17
2
12
31
28
24
84
12
90
65
18
98
98
88
28
20
85
78
38
50
56
81
9
28
39
80
91
20
99
0
49
6
40
52
40
91
30
66
38
51
1
34
36
36
65
77
31
11
48
89
85
1
92
84
62
20
39
63
7
63
49
12
80
49
68
43
88
44
25
47
61
58
79
49
61
29
48
5
82
27
35
22
32
42
0
44
33
32
78
37
73
10
51
63
19
68
22
96
59
6
17
65
74
72
64
50
83
34
58
84
92
94
67
34
70
4
71
61
7
65
99
62
93
16
23
19
95
27
10
51
57
25
9
82
63
30
20
80
9
34
81
57
31
8
57
19
60
28
57
87
37
93
11
89
34
51
17
13
27
8
43
50
94
16
39
55
58
98
5
62
77
41
28
91
32
69
81
12
64
16
76
85
99
14
86
45
85
7
68
47
34
88
95
79
0
41
80
88
78
61
35
3
85
87
24
64
34
7
38
88
67
54
79
46
44
99
77
74
74
70
6
90
50
70
41
65
56
28
5
54
43
45
3
52
97
98
91
44
8
7
38
21
71
93
11
79
5
63
11
50
98
28
11
61
50
73
82
65
45
15
80
9
36
99
24
20
41
31
6
43
48
64
8
97
20
12
95
91
38
72
56
60
97
8
58
69
71
34
57
13
1
21
68
43
47
37
25
59
46
93
81
43
63
8
60
49
17
75
19
99
6
72
57
42
9
10
65
76
8
73
45
97
40
30
53
63
25
44
84
10
89
13
74
19
35
61
81
32
7
15
32
78
5
19
91
55
25
47
16
13
12
46
50
95
48
79
47
90
46
51
1
55
93
61
98
83
29
6
8
38
18
81
23
15
84
60
28
87
14
43
66
63
98
12
40
5
47
87
59
33
31
54
68
26
77
85
51
72
12
75
37
17
21
