10
100
0.2
0
16
15
23
4
15
1
24
24
11
13
8
2
5
24
25
13
24
8
8
1
25
21
21
11
8
24
23
7
11
13
22
12
11
13
6
5
10
10
7
2
2
2
2
6
14
10
21
6
20
0
12
2
24
19
18
13
17
17
23
21
19
10
23
3
4
25
21
14
16
1
12
25
19
2
1
15
12
14
20
15
6
2
7
14
10
9
9
0
25
12
1
25
24
14
6
0
19
8
17
23
18
15
10
0
21
1
5
25
8
25
11
4
16
17
25
14
6
9
3
4
12
23
25
6
15
9
9
21
9
25
10
1
4
24
13
24
20
7
0
24
16
2
2
18
14
1
6
1
11
5
0
20
1
6
14
22
4
0
0
10
12
6
24
5
13
18
23
1
13
18
24
23
19
22
8
16
23
9
18
19
1
6
19
4
20
10
3
24
1
17
20
25
24
5
21
19
21
14
15
98
5
75
11
44
9
58
71
42
86
57
74
66
31
74
57
40
60
11
9
55
37
90
17
89
29
63
59
3
35
54
6
41
82
9
14
49
31
85
94
98
63
63
86
98
67
33
6
87
79
41
86
72
59
50
55
29
44
98
14
71
91
73
94
3
59
71
34
38
28
80
45
25
15
26
45
46
53
81
95
90
92
73
63
75
53
66
93
19
94
15
31
76
10
62
78
36
65
42
17
84
53
19
20
37
46
38
88
85
61
15
9
51
19
28
10
98
75
38
4
74
22
76
80
34
50
66
97
19
89
55
65
95
17
71
98
37
39
93
74
96
93
63
36
62
86
97
23
36
30
65
81
83
55
6
74
41
51
78
63
80
8
23
29
77
62
41
75
86
42
12
40
24
41
54
70
23
4
80
20
77
9
14
15
70
39
17
49
84
92
92
14
42
55
13
61
8
45
52
70
2
62
6
93
25
68
22
40
85
53
94
4
49
87
15
46
0
36
26
46
38
75
75
14
3
57
28
1
59
9
76
98
12
82
40
57
71
46
82
17
63
65
68
28
39
75
0
47
1
69
31
13
79
57
50
69
47
93
64
99
7
32
35
31
76
38
19
83
20
80
7
43
21
48
7
93
53
62
96
49
28
14
53
53
19
25
20
88
71
65
53
90
94
56
53
89
9
56
38
34
78
88
70
66
88
70
34
64
58
54
91
22
80
3
9
9
3
52
81
36
6
20
11
28
37
3
67
54
45
7
4
96
55
17
85
55
51
68
8
58
0
30
75
42
82
16
12
8
38
23
50
83
8
63
24
75
46
18
21
72
16
49
90
41
86
22
77
18
76
13
84
55
59
83
45
73
86
22
97
93
96
38
68
96
47
75
41
71
53
13
64
80
98
1
68
32
2
78
14
68
16
89
80
70
2
88
69
47
99
52
37
67
2
48
16
93
4
41
77
94
67
34
65
63
49
43
16
1
42
3
57
51
16
51
53
27
98
79
9
77
65
59
20
89
89
82
1
22
42
6
73
86
34
83
67
57
75
51
95
62
62
4
85
58
2
10
89
62
54
1
42
72
97
94
64
4
25
85
19
45
71
97
70
70
45
49
33
94
79
90
49
2
26
0
75
21
82
22
46
56
82
49
54
22
51
68
34
60
75
81
9
79
58
44
99
49
6
92
90
88
52
18
9
31
72
30
4
16
90
39
29
22
88
39
34
59
42
67
73
40
65
22
32
15
61
76
55
23
64
2
44
19
52
87
9
24
74
5
84
32
92
80
45
18
37
60
0
9
2
17
1
1
30
92
20
77
52
47
59
92
74
13
74
80
0
86
58
85
24
59
10
1
26
91
89
29
33
87
76
45
86
97
94
67
21
92
6
3
43
97
17
19
35
74
2
36
0
92
58
69
35
16
78
11
81
94
13
2
39
77
67
93
85
70
16
66
20
88
47
52
5
79
71
89
32
74
61
5
33
79
3
10
33
90
19
11
93
48
91
35
32
31
26
65
20
61
29
9
26
24
51
8
76
33
91
56
18
96
40
29
97
25
96
47
24
39
50
38
71
59
15
28
9
31
10
20
7
48
57
3
30
62
37
64
76
86
4
12
54
6
48
72
2
69
0
28
33
72
0
9
61
75
82
69
85
36
5
90
52
81
88
75
94
56
19
14
24
97
62
95
6
24
63
48
39
40
2
70
37
11
76
79
47
88
90
32
10
37
2
73
38
17
34
97
69
49
52
87
93
34
30
85
89
64
96
27
36
28
57
16
94
27
54
95
10
78
55
52
5
68
2
44
90
38
91
92
19
26
8
13
