25
100
0.6
11
2
8
24
18
21
19
20
14
3
10
11
14
8
9
10
25
25
18
1
20
17
2
12
18
11
24
18
12
2
15
24
21
4
14
0
19
15
1
2
12
22
2
9
20
18
14
13
10
24
14
18
4
9
7
21
22
21
4
6
5
23
6
18
10
19
5
7
11
8
15
15
1
5
6
22
0
2
4
0
4
15
0
6
12
12
10
11
21
23
15
6
0
8
19
16
10
10
7
13
3
7
4
1
25
13
0
11
2
12
11
21
17
6
11
1
3
0
6
10
21
1
11
14
15
21
11
13
18
7
4
15
5
3
17
12
19
8
20
13
15
19
22
8
13
13
21
5
14
19
0
22
3
9
2
5
13
20
14
4
22
0
6
4
1
11
2
2
6
0
0
1
0
10
21
21
11
21
11
23
11
16
5
11
13
3
25
8
0
25
14
1
12
10
20
11
21
25
24
15
15
19
10
9
0
19
1
19
25
16
19
17
17
12
6
24
23
21
15
22
4
21
4
6
14
16
15
24
18
25
6
24
24
16
10
9
13
18
21
15
12
20
14
22
13
17
6
4
22
9
6
8
25
0
23
21
25
16
0
15
20
9
14
8
19
20
14
6
4
14
11
10
12
18
22
6
1
18
22
2
7
19
25
3
5
6
1
2
6
9
8
23
7
16
19
10
23
6
15
14
20
24
5
8
19
22
5
1
20
18
15
14
2
17
2
16
3
11
2
14
19
22
6
11
21
8
12
19
19
23
22
16
10
6
11
16
0
12
21
23
16
10
14
11
4
12
3
0
22
14
2
7
10
20
25
4
18
18
17
22
0
0
24
22
7
18
1
21
1
7
5
25
16
5
2
22
0
15
7
16
11
25
8
9
10
22
13
22
10
15
14
24
21
18
17
10
17
4
11
19
9
18
10
3
24
18
20
5
16
6
0
13
10
17
23
21
19
18
16
11
7
20
17
4
7
0
18
20
2
24
17
8
1
18
19
20
12
0
4
15
10
19
18
9
21
10
9
5
12
14
2
10
16
22
22
3
9
22
18
15
0
12
9
18
6
24
1
25
20
22
15
6
19
3
12
3
18
7
17
1
16
12
18
13
18
3
23
5
7
6
23
22
15
24
19
19
16
18
10
20
5
5
1
16
3
6
23
22
13
11
16
2
1
24
16
11
9
10
18
21
17
2
20
2
8
7
17
11
12
18
2
13
22
16
8
16
11
23
22
10
9
17
20
17
14
22
25
10
15
12
2
23
23
19
20
19
0
0
3
2
2
9
3
18
11
16
20
14
5
5
6
4
5
23
0
12
5
6
4
2
3
3
3
11
2
6
9
21
9
18
10
11
25
13
16
24
19
5
16
9
29
51
32
46
14
96
81
27
29
80
55
27
77
96
90
69
45
20
29
30
53
31
79
42
28
56
47
51
59
24
91
58
3
97
14
48
46
59
5
23
25
90
2
76
79
69
67
8
8
35
84
92
60
38
72
42
30
55
62
52
16
46
13
26
30
14
70
10
52
19
78
73
20
96
8
49
35
86
59
32
46
41
27
37
20
78
89
20
1
2
77
75
10
95
95
45
93
22
38
97
28
33
66
44
50
36
57
15
29
25
62
58
75
88
7
52
50
63
56
63
43
30
11
82
58
76
69
63
69
9
59
90
57
12
2
46
81
28
22
56
25
21
16
8
11
8
66
8
24
75
74
35
89
21
6
15
24
5
45
48
1
70
99
65
16
55
78
45
53
39
64
96
92
84
90
34
83
68
30
32
22
62
55
22
25
68
87
3
43
29
61
14
17
1
56
17
19
95
16
66
79
38
73
82
73
83
30
2
17
21
38
18
94
75
57
53
8
11
84
69
81
3
64
0
80
10
92
68
90
85
28
49
34
49
93
76
81
23
88
37
7
25
29
33
69
58
12
2
7
58
94
23
52
10
69
4
35
60
6
13
6
63
19
80
19
88
17
75
11
86
59
49
36
60
54
78
99
72
81
82
27
25
98
13
75
22
30
48
40
30
20
80
89
47
52
37
25
74
95
50
81
85
97
45
56
61
68
7
32
30
18
8
93
35
12
10
3
95
30
58
4
74
24
27
40
13
18
78
5
80
70
29
36
65
87
99
63
28
72
12
39
61
58
85
33
60
12
68
82
58
83
34
68
59
25
46
90
70
67
69
69
27
35
6
48
19
93
90
92
28
69
81
16
47
63
58
82
76
76
25
1
57
42
56
2
61
3
43
46
69
69
10
2
54
46
24
69
41
66
13
