25
100
0.8
7
6
11
9
12
21
23
17
13
5
6
3
2
4
10
19
1
3
13
14
17
13
24
4
3
3
10
16
1
17
20
0
3
14
10
14
6
16
12
13
23
21
8
8
9
11
9
20
16
6
15
17
8
12
2
21
20
25
15
8
12
0
14
15
12
1
5
13
2
15
11
12
16
8
20
14
20
0
0
23
21
11
20
3
8
22
21
7
4
13
24
0
7
3
14
11
4
21
19
4
22
18
25
2
10
11
6
16
16
24
2
21
15
2
18
1
20
5
7
5
13
23
4
13
7
15
22
21
23
11
3
3
20
12
21
20
17
8
24
7
21
19
21
12
9
16
20
0
21
10
19
4
2
19
8
18
12
13
5
0
17
7
20
0
1
23
5
13
3
13
1
17
4
10
24
22
5
13
18
1
21
3
5
25
17
23
11
10
3
7
0
22
21
14
6
13
3
3
8
10
25
9
15
20
23
20
2
15
6
21
5
9
2
11
16
5
3
0
1
21
18
11
21
15
14
18
18
14
14
17
11
15
10
22
13
22
1
4
15
3
15
22
20
5
13
12
18
3
1
25
11
25
11
22
7
5
5
19
2
19
20
17
14
11
6
19
21
3
9
25
7
7
6
17
13
14
20
11
7
5
10
11
7
16
23
19
15
3
23
5
4
0
8
15
5
22
16
5
1
9
5
18
24
0
12
22
6
3
16
7
4
7
1
13
1
16
9
0
16
2
21
24
8
24
4
4
10
5
17
4
2
15
13
24
20
1
5
5
16
7
13
22
13
8
11
18
3
20
18
9
14
5
14
19
14
25
1
9
4
15
8
4
15
10
5
16
4
5
9
0
17
18
2
23
23
19
2
25
6
9
15
16
22
2
23
12
9
17
11
20
21
7
14
19
23
9
5
8
4
20
16
11
14
2
20
16
22
20
16
7
15
13
9
11
15
9
24
25
22
20
22
2
17
24
3
15
24
12
12
11
7
6
14
1
23
10
17
20
12
19
25
22
4
13
25
12
4
18
18
21
13
6
20
7
2
15
0
23
20
13
12
4
5
10
1
6
4
14
22
17
8
3
7
6
2
24
2
0
14
19
14
9
13
10
22
7
12
5
0
11
5
12
17
2
16
21
15
22
11
21
5
25
24
3
11
9
11
19
3
10
1
6
25
13
11
21
21
20
4
14
19
25
20
20
22
23
20
0
3
11
2
3
20
24
3
6
13
11
6
5
17
1
18
0
8
4
18
14
5
21
5
0
19
24
24
24
2
16
20
22
10
23
25
23
7
13
9
4
1
19
7
25
6
18
18
11
7
9
10
21
18
9
19
10
4
7
7
11
19
11
9
23
11
8
10
6
1
8
1
19
9
18
23
23
15
8
0
12
18
14
7
2
8
19
22
23
4
17
14
19
11
24
21
6
3
1
25
17
22
4
2
9
4
13
16
19
0
4
15
6
12
4
1
21
11
15
14
0
25
9
15
18
7
21
11
12
24
0
2
18
22
0
17
25
0
11
19
25
23
10
1
14
25
10
14
2
6
16
11
19
0
20
12
22
21
5
7
11
15
20
13
4
21
8
15
22
16
13
15
4
5
18
16
16
23
0
19
21
4
15
19
20
7
6
4
13
15
1
13
13
11
15
22
12
20
25
21
21
11
11
24
24
12
9
5
4
13
1
13
3
21
4
17
9
12
14
5
15
5
10
14
3
6
2
7
8
5
16
18
9
6
15
1
19
2
16
11
24
22
11
7
12
9
22
18
4
12
20
12
21
25
19
21
21
13
6
22
13
15
12
16
23
1
4
1
13
19
22
20
18
1
41
18
51
47
20
83
3
49
97
34
58
28
79
0
64
48
57
33
77
32
36
81
65
31
9
46
75
90
12
44
25
72
46
48
9
34
23
20
58
28
62
15
54
2
82
49
84
50
14
8
82
45
72
5
74
29
7
0
71
27
60
10
32
18
5
21
33
49
82
4
25
21
68
89
31
77
9
21
31
29
27
63
4
50
19
16
58
81
74
2
76
58
58
40
9
57
50
69
60
58
9
58
67
82
88
23
18
77
54
89
84
2
70
84
18
75
33
91
35
90
54
21
96
72
37
13
25
89
78
94
37
70
37
97
94
87
77
88
47
64
98
47
26
41
90
76
31
52
6
11
3
3
24
83
24
68
95
52
5
30
71
97
21
56
17
53
40
76
32
19
37
84
36
39
61
83
18
60
75
3
1
90
4
11
38
43
47
83
72
13
47
38
68
27
48
87
66
87
67
