15
100
0.4
3
22
6
6
11
14
14
16
16
15
22
14
20
1
16
8
17
21
1
12
14
17
4
7
8
12
5
25
12
11
15
15
22
20
3
20
16
15
11
7
1
23
0
3
1
2
21
19
9
25
23
13
5
12
8
3
22
9
10
7
3
15
11
12
4
21
24
13
13
25
1
20
14
7
7
14
12
5
11
23
20
18
11
23
3
10
16
2
13
18
12
5
12
13
13
2
1
0
1
10
6
17
20
1
16
3
24
24
17
11
8
25
18
22
12
10
0
12
19
12
1
10
12
12
1
8
18
15
8
0
8
9
20
7
5
8
5
15
16
6
18
5
19
3
24
4
10
10
7
1
18
7
2
22
11
12
24
24
18
17
18
20
16
8
13
1
19
6
14
2
11
3
21
1
4
21
25
19
17
13
15
23
9
19
10
17
13
12
15
8
14
7
14
7
12
7
9
1
9
10
5
8
6
5
1
1
22
1
12
23
1
25
25
12
1
7
17
11
17
18
12
15
3
14
9
24
18
14
13
12
1
6
9
4
21
22
22
2
7
18
14
21
12
5
14
18
15
5
2
7
9
14
19
11
13
7
15
3
17
19
19
16
9
12
13
22
5
5
12
25
4
1
20
11
22
19
3
17
5
21
14
12
10
17
7
1
12
17
7
10
8
4
22
9
22
22
7
1
15
16
2
1
15
17
13
14
3
1
10
14
21
21
8
21
6
11
8
19
6
17
6
16
3
0
20
8
12
4
1
20
3
5
4
5
19
19
14
2
9
7
16
22
20
11
25
4
2
3
9
20
16
11
10
2
23
20
1
1
11
24
8
19
4
21
10
15
15
4
25
18
12
5
12
12
13
7
22
8
3
13
1
18
0
24
14
7
13
14
23
9
0
14
8
19
12
16
24
23
3
19
76
53
29
40
65
55
9
82
77
98
83
83
3
82
87
1
62
78
35
31
64
25
35
9
47
23
47
89
94
58
17
49
64
57
59
12
31
71
31
76
64
29
81
25
80
6
9
19
14
19
55
14
87
87
25
26
69
31
55
64
88
65
29
58
82
27
97
59
38
60
5
49
89
36
7
98
94
89
88
61
72
85
98
36
29
64
0
25
38
65
29
81
2
41
57
44
44
37
22
1
15
62
90
16
61
2
99
22
57
74
87
67
52
27
57
75
19
10
38
23
50
12
92
31
72
47
13
65
41
73
29
81
19
9
95
71
37
38
30
66
66
9
79
63
91
42
50
21
77
63
74
29
13
87
63
27
56
95
46
78
54
92
45
96
19
24
24
32
29
3
12
79
75
3
22
77
16
54
12
37
25
9
42
61
45
81
88
99
85
64
6
53
41
98
81
28
64
55
47
38
40
91
35
61
22
29
88
36
94
81
85
63
61
29
8
96
95
60
10
52
36
75
19
94
39
39
93
36
5
75
95
35
39
77
94
88
85
30
72
95
72
81
33
19
29
14
27
42
63
73
61
24
90
28
31
33
13
10
88
79
77
46
75
0
35
34
24
87
44
61
46
30
5
29
49
94
36
5
56
55
0
28
61
72
3
54
48
33
30
72
81
69
78
7
66
76
27
20
38
59
80
68
77
79
79
61
22
24
0
51
4
44
41
52
87
56
22
65
82
71
77
41
68
92
51
38
75
77
80
62
45
26
72
97
74
77
8
79
30
24
92
80
21
87
36
7
85
20
42
74
25
58
50
3
45
32
65
1
16
9
89
88
17
26
87
5
74
64
67
3
35
98
27
44
39
44
59
71
28
54
74
90
93
32
36
13
2
75
87
96
24
58
86
79
86
2
91
36
20
6
86
14
5
12
96
29
31
28
84
9
78
24
10
73
10
85
5
75
48
82
59
89
52
8
90
28
54
94
7
30
65
57
59
47
49
44
88
19
55
50
99
60
51
8
96
34
12
80
44
21
81
89
61
33
32
26
60
17
4
24
95
42
35
2
60
69
27
64
51
84
62
16
91
81
58
76
74
29
7
19
47
14
0
14
41
1
16
28
43
78
49
28
97
96
65
69
81
11
65
96
25
56
59
59
22
63
22
93
0
16
75
83
12
41
16
29
52
73
22
36
38
33
94
3
55
69
77
58
14
90
75
34
11
77
43
34
75
71
18
66
44
18
35
99
35
56
62
65
24
87
72
8
0
24
12
28
8
79
37
49
87
96
49
74
49
72
95
20
6
80
4
20
39
67
68
41
37
13
59
80
51
25
2
57
86
57
29
10
61
11
31
82
10
61
37
54
62
40
15
11
