15
100
0.8
10
11
20
16
22
25
14
10
2
7
12
22
5
19
20
24
0
7
4
11
19
20
16
13
7
24
15
15
22
23
19
5
1
1
20
6
8
7
1
23
13
18
20
24
13
9
16
21
7
19
16
5
4
4
19
1
3
3
24
24
22
25
15
23
1
1
6
23
15
14
11
16
1
9
6
16
8
16
7
19
25
12
21
0
9
7
13
14
9
5
15
7
21
5
4
20
6
25
3
9
1
23
2
1
12
11
0
7
8
23
1
23
19
20
15
16
22
4
24
23
0
2
20
17
9
2
15
16
14
14
6
14
20
1
9
5
25
8
3
19
10
23
2
6
23
4
2
6
0
9
3
9
2
21
12
14
25
9
1
8
18
10
17
8
4
3
3
8
5
12
4
8
24
9
9
1
8
2
19
17
9
15
3
14
25
14
22
0
24
13
1
19
15
12
17
13
21
13
17
19
19
0
20
11
10
15
17
18
15
7
22
24
23
15
6
5
0
0
14
18
20
13
25
18
25
12
17
24
23
5
20
18
17
11
6
21
0
15
4
12
16
11
0
8
3
18
11
21
4
23
13
12
16
7
18
22
25
8
24
2
15
21
5
23
5
25
4
1
2
9
23
10
3
5
23
8
0
25
2
19
8
16
21
4
2
24
6
4
9
4
23
22
24
13
19
13
6
7
4
21
6
0
8
8
19
12
0
23
14
9
3
14
4
21
4
25
3
7
14
15
14
14
17
22
9
5
13
6
11
3
15
19
7
16
12
5
5
19
12
23
16
25
7
22
15
0
23
12
17
18
12
9
11
8
10
25
25
16
14
23
24
10
1
16
13
13
18
2
17
16
14
6
16
21
15
10
16
15
8
13
20
11
13
19
12
3
11
19
12
14
7
9
11
7
25
4
5
15
19
8
25
0
25
25
22
23
21
14
2
11
17
11
17
4
23
4
18
3
5
25
18
15
21
3
6
9
7
6
1
4
12
21
14
13
1
0
8
17
16
9
14
1
19
6
4
14
15
16
1
21
22
1
22
14
24
9
24
24
11
5
8
18
23
19
23
5
19
8
12
16
13
13
10
10
6
4
16
9
12
5
18
8
22
11
13
17
15
6
5
6
2
7
16
0
7
5
21
16
1
7
20
5
3
17
14
2
19
23
20
10
7
12
18
19
21
4
3
24
21
25
3
23
17
9
5
20
7
19
9
2
25
17
2
22
23
6
3
22
8
15
3
17
20
25
7
15
16
13
16
0
3
10
0
20
23
19
22
16
15
7
20
12
19
11
7
17
14
3
19
5
14
19
19
6
22
16
3
16
20
15
11
0
20
4
7
7
14
18
3
23
5
7
23
16
8
18
7
10
18
17
0
0
25
18
13
9
3
10
22
5
4
16
23
16
22
4
13
20
4
6
12
3
15
10
13
0
12
13
8
19
6
19
21
6
20
19
9
9
0
23
19
12
15
20
2
22
9
6
17
25
7
18
12
13
9
11
23
19
22
18
12
16
8
9
12
0
17
12
4
19
21
20
23
22
11
17
6
24
24
15
9
20
3
16
5
7
14
23
7
1
2
19
25
18
23
24
23
8
5
9
19
8
12
13
23
8
2
3
12
6
12
2
6
16
14
11
20
12
14
19
25
2
20
25
24
17
25
25
3
5
4
10
25
4
5
21
2
23
22
21
25
14
18
2
8
9
13
9
25
4
12
15
12
11
12
12
3
22
0
4
0
17
10
25
5
8
15
19
12
15
0
11
14
14
2
18
11
24
23
13
0
12
23
23
4
19
5
16
17
20
2
10
10
1
1
15
24
0
5
7
57
64
89
74
35
23
12
96
68
99
87
97
47
91
42
98
15
17
7
39
67
12
10
37
52
99
55
78
22
29
8
28
61
29
99
14
39
71
71
62
34
39
85
89
28
97
89
40
43
35
97
11
13
51
33
53
58
24
94
18
64
94
40
59
86
20
87
89
29
55
9
45
5
76
11
73
23
96
71
48
9
89
98
37
77
24
89
52
19
56
25
96
84
96
51
35
12
47
77
89
51
42
93
17
69
9
29
58
43
42
35
79
3
76
37
42
12
13
41
79
61
98
83
76
34
71
37
94
43
11
90
32
3
2
32
86
12
17
55
87
50
21
53
39
27
37
1
93
33
9
77
70
77
47
0
90
65
40
66
41
97
58
65
43
80
27
42
83
5
45
19
27
9
81
68
19
85
41
81
90
99
98
20
97
51
28
41
6
8
17
38
93
52
31
56
3
51
32
92
3
