15
100
0.2
2
25
15
18
19
10
15
0
2
7
19
24
12
6
19
23
22
2
7
3
25
22
24
6
23
22
13
22
12
4
7
13
4
4
13
6
17
11
15
2
12
7
7
1
17
22
20
9
17
16
4
12
19
2
23
3
1
23
2
12
13
23
17
17
6
0
6
14
5
18
7
17
4
0
13
14
20
10
10
11
5
10
15
20
2
15
21
9
2
22
3
9
5
19
0
9
21
24
18
21
16
11
10
6
15
8
23
2
15
25
0
4
23
1
16
16
1
0
18
23
2
25
2
11
1
12
20
1
9
13
1
1
8
15
20
21
22
25
5
6
6
2
18
11
17
10
11
16
9
23
4
20
4
5
5
10
13
1
21
13
8
1
6
14
17
9
21
2
21
21
20
6
0
1
7
1
24
12
8
15
19
23
20
23
18
6
6
25
5
10
11
22
14
17
19
16
17
9
20
0
1
27
48
68
34
45
49
71
66
66
44
52
45
9
48
98
79
8
14
23
35
95
20
12
64
34
66
45
42
89
79
29
61
96
22
78
15
54
80
3
53
46
98
28
68
62
85
48
74
85
45
35
69
81
28
0
53
80
98
74
18
62
73
15
28
67
2
13
77
56
3
88
5
37
86
10
26
24
85
0
6
31
24
63
88
56
89
65
28
37
39
28
66
40
19
42
36
63
78
20
23
82
98
16
45
60
17
15
13
73
14
45
89
48
38
71
75
33
42
98
8
22
50
79
1
79
7
5
77
12
30
43
57
21
16
16
33
89
60
90
14
54
93
49
55
99
37
39
32
92
8
2
20
27
9
57
17
86
12
85
92
18
95
62
0
33
61
86
52
55
10
15
23
99
79
86
98
91
73
58
37
49
31
76
21
55
65
8
43
29
93
76
42
10
2
77
50
29
16
56
10
81
7
63
72
44
34
2
42
7
4
24
8
36
72
22
23
55
72
89
44
94
58
34
11
50
47
59
13
89
40
30
70
14
66
69
34
91
3
11
77
27
65
69
14
66
91
54
47
43
8
81
59
44
61
86
77
75
37
90
83
5
62
75
38
93
19
79
18
99
0
79
44
92
80
16
89
88
33
8
97
10
49
6
76
2
3
18
88
84
58
62
97
97
90
79
45
9
60
58
34
99
85
10
4
67
91
85
75
14
68
15
82
62
90
8
78
36
84
70
12
23
28
83
55
48
29
90
38
32
0
94
36
45
37
62
20
58
24
17
64
4
22
22
26
13
64
51
93
34
20
22
21
11
16
13
79
27
25
93
27
18
75
14
31
34
61
7
96
13
77
21
3
25
20
89
55
15
8
97
8
0
28
38
25
36
92
40
97
22
20
99
78
14
69
66
4
98
59
27
96
62
94
50
26
12
81
53
41
30
62
50
70
86
70
77
56
60
95
25
14
61
17
98
8
72
50
58
36
34
7
94
50
62
57
33
88
13
19
6
80
94
28
80
32
5
50
35
85
10
42
18
87
67
31
40
93
23
30
18
31
43
94
61
58
56
73
3
90
63
46
48
41
71
23
25
88
16
97
64
77
5
95
82
48
49
16
13
82
55
89
27
66
69
83
2
50
72
44
91
17
7
6
78
24
17
77
38
78
11
26
48
21
21
4
64
13
71
26
65
96
68
5
86
21
82
38
85
52
41
44
16
46
69
5
18
92
10
35
21
68
46
5
43
18
21
24
15
64
45
55
46
74
11
37
51
28
84
49
59
76
14
29
37
11
8
6
33
24
60
10
18
2
89
38
86
34
40
14
76
0
58
18
32
0
4
91
11
12
39
76
91
86
96
39
81
74
0
87
25
61
46
57
17
5
60
45
42
53
55
2
72
64
79
84
51
13
3
58
6
60
10
21
12
3
41
91
9
94
99
89
7
22
87
40
23
53
18
86
70
34
20
82
22
49
20
24
41
39
28
33
62
93
16
15
46
85
55
57
57
4
48
54
44
61
96
45
12
61
22
90
67
53
13
62
27
4
5
32
73
33
86
57
74
2
27
26
96
15
62
83
75
88
93
61
76
42
86
91
80
73
55
99
41
66
57
54
2
45
77
2
45
53
36
21
51
88
69
48
93
28
90
25
78
72
35
76
84
49
45
45
36
65
24
45
69
21
19
24
2
49
20
26
8
46
24
38
28
21
76
78
8
59
91
62
32
7
93
85
37
91
23
90
71
76
14
70
55
24
51
61
46
42
97
11
30
96
73
25
18
5
79
44
14
57
69
73
38
25
34
94
43
92
56
77
39
89
66
59
84
