25
100
0.2
6
7
19
11
23
23
13
9
12
7
2
14
19
6
1
12
1
17
19
25
25
0
11
6
19
24
20
13
7
24
13
0
11
17
10
22
4
7
19
17
8
17
21
14
15
9
6
23
22
21
5
14
6
8
5
9
1
5
12
20
2
18
0
5
20
10
5
1
17
11
18
13
12
15
14
25
6
20
22
5
11
13
2
6
5
10
6
17
20
21
17
22
7
15
3
7
13
10
4
22
11
8
18
22
15
0
15
22
14
14
11
17
1
25
7
10
12
4
9
3
15
6
4
18
11
10
5
0
25
13
11
5
24
18
2
10
2
6
20
13
17
16
4
1
5
23
7
11
8
4
2
5
24
13
8
14
18
5
23
0
21
19
4
18
0
17
25
11
13
20
19
17
20
22
11
5
16
0
16
12
4
3
25
24
4
17
8
16
6
20
23
23
6
15
24
1
23
25
24
2
40
47
50
48
42
76
18
63
82
30
87
52
28
77
58
67
57
56
31
81
39
17
70
57
73
91
15
27
76
15
34
3
25
75
88
24
89
1
53
0
78
92
3
7
16
90
18
72
78
80
17
2
2
30
24
70
65
37
60
79
30
79
8
6
70
61
82
40
78
54
63
69
7
84
79
78
13
49
3
70
20
71
16
43
70
65
70
89
20
85
18
1
26
5
25
84
52
64
71
34
99
77
58
78
6
9
84
59
90
99
8
47
90
47
10
17
22
36
31
52
66
86
26
58
43
46
4
82
79
96
97
58
93
43
65
82
77
15
83
49
12
36
79
72
6
22
96
14
7
7
7
73
40
24
98
28
81
43
10
42
64
93
96
20
77
79
94
0
0
53
95
90
14
2
11
64
4
57
76
3
43
55
98
84
73
76
38
94
95
11
52
89
35
46
44
37
89
49
69
36
18
66
57
49
43
55
86
56
59
10
96
86
5
72
32
8
97
17
77
0
54
54
39
6
32
32
5
7
62
36
38
36
75
68
30
4
48
38
92
90
32
72
71
28
17
80
22
63
15
32
8
47
17
89
35
3
15
24
6
91
51
80
5
19
87
67
71
77
50
35
29
4
54
24
82
49
82
23
47
29
91
7
82
49
68
60
22
1
54
32
59
77
94
28
29
2
4
95
71
26
10
23
9
70
45
92
92
24
29
37
68
79
31
37
16
56
14
1
42
88
15
83
76
53
41
30
75
28
87
56
31
42
36
98
64
17
18
88
55
95
46
33
16
29
60
27
36
7
76
43
50
30
38
41
27
68
53
29
19
53
48
16
91
90
91
56
84
82
1
72
2
74
91
49
34
38
11
43
5
83
68
14
93
68
25
48
72
69
63
32
73
27
71
36
11
88
65
97
41
51
72
8
58
97
55
79
87
90
34
88
36
66
32
20
29
11
86
25
46
69
87
87
85
2
47
25
19
61
30
35
55
18
43
36
17
33
76
84
90
78
79
67
58
28
6
38
61
44
52
5
48
95
28
14
90
47
33
35
42
67
6
67
65
90
33
78
38
68
28
18
26
79
31
85
54
13
83
43
89
69
46
11
82
36
75
34
8
40
51
20
78
49
10
88
16
24
11
0
27
72
65
54
11
81
35
2
92
16
45
4
81
12
82
1
12
65
97
87
12
9
66
86
30
81
78
34
94
63
71
98
83
11
89
68
82
56
31
42
76
69
58
21
37
62
43
50
7
55
64
89
2
37
84
51
24
49
53
16
29
75
80
47
83
0
85
20
14
50
59
9
8
12
17
25
25
65
29
13
83
36
0
57
6
71
77
13
3
25
20
20
62
23
37
98
78
78
18
84
84
12
83
25
67
33
52
70
50
69
53
97
31
71
50
0
62
60
87
9
87
37
32
15
93
46
63
83
62
81
46
90
26
52
76
41
15
8
36
37
42
33
20
33
30
39
61
58
20
43
18
6
13
55
89
51
2
0
38
86
58
68
56
20
82
73
13
29
15
59
38
61
38
25
94
85
81
38
72
69
15
46
83
21
56
54
5
5
33
81
10
18
68
38
96
96
92
8
85
86
14
5
2
72
35
81
23
85
60
8
17
19
79
42
14
10
57
84
51
50
1
13
78
16
13
58
9
96
7
96
28
61
68
2
98
52
44
98
42
10
70
37
93
51
13
8
36
29
28
28
39
97
42
56
34
4
54
35
10
76
67
56
44
53
55
56
49
97
10
23
0
48
43
91
91
88
63
83
25
22
13
98
8
7
69
90
93
71
44
10
35
55
80
41
72
85
76
22
51
16
43
13
