25
100
0.2
8
9
4
21
17
11
9
10
9
22
3
18
25
20
8
4
0
19
20
16
11
16
5
16
17
21
21
2
5
5
18
24
23
10
21
23
17
25
13
1
14
5
24
21
20
21
6
8
18
24
9
21
13
17
17
22
10
16
15
5
11
7
19
25
24
18
3
2
24
2
13
18
6
13
13
12
20
1
5
15
19
0
8
8
14
16
0
23
25
5
0
25
2
1
9
7
8
11
0
12
7
6
19
11
20
1
23
16
19
1
3
9
12
13
19
10
6
5
8
11
1
18
6
22
7
8
3
8
15
25
20
17
12
18
19
9
15
8
20
24
8
3
2
21
3
4
0
22
24
5
22
9
17
9
25
9
2
15
25
3
11
18
2
24
25
2
9
21
5
11
0
10
2
6
22
17
7
6
10
16
25
0
3
22
13
9
14
20
8
9
21
0
23
6
1
17
0
0
19
22
8
13
75
84
86
50
73
3
80
73
19
87
89
88
31
25
65
11
47
13
83
93
4
71
7
66
31
22
7
60
80
52
51
19
5
98
66
83
66
88
68
61
28
64
4
13
88
13
12
80
56
24
19
40
26
21
91
35
43
75
32
38
88
16
52
58
50
64
80
84
60
89
96
28
40
93
14
40
77
31
84
92
35
89
48
32
20
36
12
65
21
41
30
26
94
93
15
32
94
93
88
88
80
86
95
79
72
74
79
10
51
47
73
83
38
41
83
77
95
5
60
56
7
84
98
28
32
35
39
3
34
53
58
5
1
1
97
50
25
23
34
60
91
21
10
61
78
92
10
63
17
49
45
89
43
45
42
46
60
2
5
18
48
78
38
1
3
30
52
12
94
38
32
30
81
39
48
67
90
7
62
90
85
16
0
75
36
6
82
34
85
19
65
62
78
23
23
20
99
75
66
97
21
8
82
28
24
12
94
58
58
28
72
61
98
85
59
45
21
49
52
9
38
59
10
33
83
89
38
10
22
90
12
12
92
52
22
37
61
2
76
88
65
33
66
23
34
77
17
64
43
83
48
41
62
77
45
17
41
28
76
68
14
30
19
42
82
14
58
79
18
8
9
18
59
43
0
94
35
82
98
13
43
87
11
14
94
73
98
86
44
13
73
28
1
57
68
66
55
88
12
47
92
34
72
57
14
57
83
94
55
81
60
59
78
19
73
44
5
31
11
9
48
53
33
56
3
0
5
25
45
69
79
55
40
86
82
3
18
81
83
94
45
18
98
67
77
76
73
83
73
43
65
99
71
83
5
31
76
66
35
85
23
51
72
74
40
72
61
87
83
78
80
26
76
74
5
13
47
94
42
33
91
5
45
50
84
28
76
82
93
59
55
14
50
59
3
89
45
84
82
67
50
74
61
43
44
54
73
91
84
28
26
68
88
40
69
2
0
53
82
77
42
19
15
57
92
76
75
85
13
67
65
41
23
43
3
33
24
61
44
65
36
27
35
77
54
2
32
2
52
72
12
4
49
95
33
41
76
16
73
73
57
44
56
35
58
9
76
11
99
79
53
1
23
68
38
1
18
49
22
29
16
29
66
2
17
84
43
32
7
73
21
91
60
75
59
7
15
4
13
31
43
48
6
9
36
53
16
71
43
83
83
69
1
4
84
24
6
38
3
59
79
92
83
23
44
37
16
95
1
1
69
47
16
18
45
50
85
9
87
16
37
68
56
52
83
18
95
95
15
26
92
16
57
95
62
92
77
0
72
20
22
98
74
89
26
38
28
0
91
63
27
49
8
58
99
81
90
0
49
87
7
87
30
86
8
19
1
50
94
72
42
69
31
8
47
43
35
70
73
32
95
95
55
20
49
78
52
58
87
49
41
37
40
40
63
58
31
27
93
56
82
96
20
62
43
78
7
5
51
41
85
43
81
62
62
50
10
45
89
98
44
52
73
7
60
26
86
44
65
57
40
51
61
35
7
34
81
85
71
3
99
73
39
47
76
11
68
69
69
11
2
64
58
99
79
88
24
87
47
63
36
19
32
50
33
95
29
34
3
50
62
0
24
58
13
37
26
11
85
60
27
93
7
92
68
54
76
3
21
48
74
68
26
9
81
18
0
75
17
5
35
64
9
57
9
13
37
17
58
14
44
6
14
45
15
9
29
13
55
33
99
65
5
64
0
27
38
78
90
16
26
27
20
56
18
39
1
20
19
17
51
82
22
25
53
47
24
33
67
47
76
48
74
96
83
37
1
87
29
76
13
93
67
43
9
78
1
45
81
80
3
97
53
84
38
13
47
79
